1.00E-12
1.20E-12
1.50E-12
1.80E-12
2.20E-12
2.70E-12
3.00E-12
3.30E-12
3.90E-12
4.70E-12
5.60E-12
6.80E-12
7.00E-12
1.00E-11
1.20E-11
1.30E-11
1.50E-11
1.80E-11
2.20E-11
2.70E-11
3.30E-11
3.90E-11
4.70E-11
5.60E-11
6.80E-11
8.20E-11
1.00E-10
1.20E-10
1.50E-10
1.80E-10
2.20E-10
2.70E-10
3.30E-10
3.90E-10
4.70E-10
5.60E-10
6.80E-10
8.20E-10
1.00E-09
1.20E-09
1.50E-09
1.80E-09
2.20E-09
2.70E-09
3.30E-09
3.90E-09
4.70E-09
5.60E-09
6.20E-09
6.80E-09
7.20E-09
1.00E-08
1.50E-08
2.20E-08
2.70E-08
3.30E-08
3.90E-08
4.70E-08
5.60E-08
6.80E-08
8.20E-08
1.00E-07
2.20E-07
